b,c,d,e,f,g,h,i,j,k
1.51756,13.15,3.61,1.05,73.24,0.57,8.24,0,0,1
1.51918,14.04,3.58,1.37,72.08,0.56,8.3,0,0,1
1.51755,13,3.6,1.36,72.99,0.57,8.4,0,0.11,1
1.51763,12.8,3.66,1.27,73.01,0.6,8.56,0,0,1
1.52196,14.36,3.85,0.89,71.36,0.15,9.15,0,0,1
1.51735,13.02,3.54,1.69,72.73,0.54,8.44,0,0.07,1
1.51751,12.81,3.57,1.35,73.02,0.62,8.59,0,0,1
1.5172,13.38,3.5,1.15,72.85,0.5,8.43,0,0,1
1.52213,14.21,3.82,0.47,71.77,0.11,9.57,0,0,1
1.51793,12.79,3.5,1.12,73.03,0.64,8.77,0,0,1
1.5221,13.73,3.84,0.72,71.76,0.17,9.74,0,0,1
1.51786,12.73,3.43,1.19,72.95,0.62,8.76,0,0.3,1
1.51869,13.19,3.37,1.18,72.72,0.57,8.83,0,0.16,1
1.52223,13.21,3.77,0.79,71.99,0.13,10.02,0,0,1
1.51898,13.58,3.35,1.23,72.08,0.59,8.91,0,0,1
1.51808,13.43,2.87,1.19,72.84,0.55,9.03,0,0,1
1.51837,13.14,2.84,1.28,72.85,0.55,9.07,0,0,1
1.51778,13.21,2.81,1.29,72.98,0.51,9.02,0,0.09,1
1.51769,12.45,2.71,1.29,73.7,0.56,9.06,0,0.24,1
1.51905,13.6,3.62,1.11,72.64,0.14,8.76,0,0,1
1.52152,13.05,3.65,0.87,72.22,0.19,9.85,0,0.17,1
1.52152,13.05,3.65,0.87,72.32,0.19,9.85,0,0.17,1
1.52152,13.12,3.58,0.9,72.2,0.23,9.82,0,0.16,1
1.51848,13.64,3.87,1.27,71.96,0.54,8.32,0,0.32,2
1.5159,13.02,3.58,1.51,73.12,0.69,7.96,0,0,2
1.51613,13.92,3.52,1.25,72.88,0.37,7.94,0,0.14,2
1.5159,12.82,3.52,1.9,72.86,0.69,7.97,0,0,2
1.51594,13.09,3.52,1.55,72.87,0.68,8.05,0,0.09,2
1.51409,14.25,3.09,2.08,72.28,1.1,7.08,0,0,2
1.51629,12.71,3.33,1.49,73.28,0.67,8.24,0,0,2
1.5186,13.36,3.43,1.43,72.26,0.51,8.6,0,0,2
1.51841,13.02,3.62,1.06,72.34,0.64,9.13,0,0.15,2
1.52475,11.45,0,1.88,72.19,0.81,13.24,0,0.34,2
1.53125,10.73,0,2.1,69.81,0.58,13.3,3.15,0.28,2
1.53393,12.3,0,1,70.16,0.12,16.19,0,0.24,2
1.52222,14.43,0,1,72.67,0.1,11.52,0,0.08,2
1.52664,11.23,0,0.77,73.21,0,14.68,0,0,2
1.51892,13.46,3.83,1.26,72.55,0.57,8.21,0,0.14,2
1.51708,13.72,3.68,1.81,72.06,0.64,7.88,0,0,2
1.51673,13.3,3.64,1.53,72.53,0.65,8.03,0,0.29,2
1.51652,13.56,3.57,1.47,72.45,0.64,7.96,0,0,2
1.51663,12.93,3.54,1.62,72.96,0.64,8.03,0,0.21,2
1.52177,13.75,1.01,1.36,72.19,0.33,11.14,0,0,2
1.51813,13.43,3.98,1.18,72.49,0.58,8.15,0,0,2
1.51806,13,3.8,1.08,73.07,0.56,8.38,0,0.12,2
1.51674,12.87,3.56,1.64,73.14,0.65,7.99,0,0,2
1.51851,13.2,3.63,1.07,72.83,0.57,8.41,0.09,0.17,2
1.5161,13.33,3.53,1.34,72.67,0.56,8.33,0,0,3
1.51643,12.16,3.52,1.35,72.89,0.57,8.53,0,0,3
1.51665,13.14,3.45,1.76,72.48,0.6,8.38,0,0.17,3
1.51832,13.33,3.34,1.54,72.14,0.56,8.99,0,0,3
1.51969,12.64,0,1.65,73.75,0.38,11.53,0,0,5
1.51666,12.86,0,1.83,73.88,0.97,10.17,0,0,5
1.51937,13.79,2.41,1.19,72.76,0,9.77,0,0,6
1.51852,14.09,2.19,1.66,72.67,0,9.32,0,0,6
1.51888,14.99,0.78,1.74,72.5,0,9.95,0,0,6
1.51916,14.15,0,2.09,72.74,0,10.88,0,0,6
1.51613,13.88,1.78,1.79,73.1,0,8.67,0.76,0,7
1.51719,14.75,0,2,73.02,0,8.53,1.59,0.08,7
1.51658,14.8,0,1.99,73.11,0,8.28,1.71,0,7
1.51732,14.95,0,1.8,72.99,0,8.61,1.55,0,7
1.51685,14.92,0,1.99,73.06,0,8.4,1.59,0,7
1.52065,14.36,0,2.02,73.42,0,8.44,1.64,0,7
1.51711,14.23,0,2.08,73.36,0,8.62,1.67,0,7
